%%MatrixMarket vector coordinate real general
256
1  -7.86046428682094650009e-02
2   2.29966167282337069500e-01
3  -3.26190414604928702325e-01
4   1.80071952919152372674e-01
5  -1.59749770303453303422e-01
6   3.95902976175472529063e-02
7   6.96833895111282769497e-02
8  -8.78128628432468111287e-02
9   2.55036650232756512136e-01
10  -2.60028898910334704819e-01
11   1.71891181735980308476e-01
12  -4.60319064614287606907e-02
13  -1.68838874055345256053e-01
14   8.53375258995831414977e-02
15   4.54674222920117068747e-02
16  -8.06870766898775126919e-02
17   1.80616287618906544432e-02
18   5.18077627168783902412e-02
19  -5.71301178834128300932e-02
20   8.21824666989695168384e-02
21  -5.34730823078421180217e-02
22   3.69287652448241493497e-02
23   2.36132727505029213488e-02
24  -2.93857370360237693530e-02
25   4.52225896833803597819e-02
26  -3.77705471255040392542e-02
27   1.57175292346617249961e-02
28  -5.11226870781684647471e-02
29   4.64921946905834798658e-02
30   1.53591168274989867820e-02
31  -2.60715361424480214503e-02
32  -2.71528010736285171922e-02
33   2.23279776018039596841e-03
34   2.04498555994422868964e-02
35  -5.48223833477302427419e-02
36   5.10269280543207762180e-02
37  -4.75353387227961665662e-02
38   1.05054220557012481518e-01
39  -3.90714362043519669587e-02
40  -1.67141344688615384184e-02
41   5.30026552376583678927e-02
42  -3.02140798412211322721e-02
43   2.58596855286265213392e-02
44   1.62459017090416900364e-02
45  -2.82131074188307802431e-02
46   6.63305850292854742856e-02
47  -1.36048871958169954009e-03
48   4.40060817041589263238e-03
49  -7.21900219767449263103e-03
50  -4.91609865043689947539e-03
51  -1.85510227891611291506e-02
52  -9.71713768272625816325e-03
53   1.95089288547011414920e-02
54  -8.18366792099485367007e-03
55   1.05897073547519121606e-02
56  -1.74407103632892510059e-02
57   2.44242522177773035974e-02
58  -1.13297457837969028221e-02
59  -6.76635641209740075486e-03
60   1.08298142383606091355e-02
61   7.86288225714759821117e-03
62   3.63450908940612070486e-03
63  -1.67018109491448019099e-02
64  -4.70243052413926720945e-02
65   3.55015113508689167388e-02
66  -3.70831532205030955929e-02
67   4.63877413892400322637e-02
68  -7.29083054170197308874e-02
69   5.18565059482473389441e-02
70  -7.69313801459387130999e-02
71   3.83495950838551175055e-02
72  -3.04869167523538139863e-02
73   5.49732107358962412968e-02
74   4.89002411343730028492e-02
75  -6.45457812695608285081e-02
76   3.96279967448453021572e-02
77  -2.54749518691767956602e-02
78   5.91435430304013132208e-02
79  -8.30820758308178086704e-02
80   3.52241291791357824525e-02
81   1.71043082746061003707e-02
82  -8.17490638972315636357e-02
83   7.10825842375060884537e-02
84  -3.33159827893955776124e-02
85  -3.45823709820725121514e-03
86  -2.25923287552541179890e-02
87   1.61891101122245521793e-02
88   3.58653484898917851442e-02
89  -6.33786151005663322966e-02
90   5.17880332214304128780e-02
91  -1.12758191131755343417e-02
92  -3.46706956419218711996e-02
93   1.16283598845769275965e-01
94  -6.93119005028186019324e-02
95   4.65225080044382871547e-02
96  -4.17050402817479293205e-02
97   1.45698305070731393140e-02
98   7.84689732429338406006e-03
99  -3.26340452640630704351e-02
100   6.25436971237089134323e-02
101  -4.91418220055831328485e-02
102   4.51772624163659236585e-02
103  -3.94116757503773437743e-02
104  -1.29991908503609455983e-04
105  -2.27655281234543684088e-02
106  -3.57654493978744741911e-02
107   3.17297771005929374333e-02
108  -1.14682573437264040406e-02
109   2.15544299618533954921e-03
110  -7.86971597467340925648e-04
111  -1.59608103613048690241e-04
112   5.88356913489552282859e-02
113  -6.17342117327661435433e-02
114   9.62542461002106053414e-02
115  -5.55999642370961222326e-02
116   6.04756359836246121242e-02
117  -9.95347409309043197959e-04
118  -9.43976351241020833482e-03
119   8.48783583115150785936e-03
120  -2.44673207398183149841e-02
121  -4.88690393740670858680e-02
122   4.54347827448423058350e-02
123  -3.19042255560940055115e-03
124   1.56489465354263147800e-02
125  -3.64950465495092954415e-02
126   4.33215150072123605929e-02
127  -5.81696784726293755763e-02
128   3.57849429565044105384e-02
129  -4.34668806562651527381e-02
130  -1.38485273912854808115e-02
131   5.68406028592702214364e-02
132  -6.28582430117773788281e-02
133   3.11099569516832402671e-02
134  -1.90723321472266831023e-02
135   2.80195396907461334590e-02
136   1.28920716602168327659e-03
137  -2.38561963554761412298e-02
138   8.47573004205727113585e-05
139   5.32403566385443796638e-02
140  -5.50383589248582411058e-02
141   1.60460288052771474221e-02
142   4.01630497435803562878e-02
143   1.97024351330278325867e-02
144  -4.07173434786734303459e-02
145   7.34339186230099361108e-02
146  -7.79380111513046508476e-02
147  -2.38567085535084868900e-04
148   1.26425124891325884463e-02
149   3.03005190744983013418e-02
150  -1.01455091303896387939e-02
151   1.08558563456630976368e-02
152  -4.76094888075859201670e-02
153  -1.16887403570434585814e-02
154   1.62019683363121697051e-03
155   7.77750114148549869658e-03
156   4.35657105688150303457e-02
157   3.26657156546287519294e-02
158   4.18844894790067895363e-03
159  -6.37796226916592656764e-02
160   3.19181164666259356566e-02
161  -5.07827115391684749679e-02
162   6.15315916773811685814e-03
163  -1.07725489007817719356e-02
164  -3.34806643847772866796e-02
165   4.51691774716738575490e-02
166  -3.42495299631527527762e-02
167  -1.02024404528549394316e-02
168  -2.80035724233624709612e-02
169   1.80988138743290102872e-03
170  -9.30292641377895683508e-03
171   8.38949049628426729575e-02
172  -1.11804731802686379248e-03
173  -2.56085921246812717178e-02
174  -1.97711946698251022497e-03
175   6.72779785017224313953e-03
176  -1.83660235527919220300e-02
177   2.96775773249284280375e-02
178  -2.61185479058528603746e-02
179  -2.58740314003710510093e-02
180   3.73178612973486464877e-02
181  -2.48803140398229614971e-02
182   3.06104415374141743122e-02
183  -4.58303051375863676475e-02
184   3.42720847313533125145e-02
185  -4.07408610253874939322e-02
186   4.45065560151490929863e-02
187  -1.71115442797840321132e-02
188   4.40744218128942821799e-02
189  -4.66515951934247455335e-02
190   5.52465924470972036264e-02
191  -1.09395949495811897756e-01
192   3.61509990741802761383e-02
193   1.34948550638200492902e-01
194  -1.11085812510203704728e-01
195  -1.65951607645454767004e-02
196  -2.81950395491963150263e-02
197   9.20707571397341023589e-02
198  -6.62609759846043422371e-02
199   5.57508402018165108438e-02
200  -5.50839215352520242264e-02
201   2.09115494039989399666e-02
202  -5.22742835159759680619e-02
203   6.28581168320308802944e-02
204   1.81677260759325609474e-02
205  -4.52650650459591255559e-02
206   4.01298835910299522833e-02
207  -4.43432870292068750939e-02
208   1.55405392058172563824e-02
209  -1.08927501134195563876e-02
210   1.57134478959307273549e-02
211  -3.59144775100983942862e-02
212   1.85276937896237253733e-02
213   3.28649234930767780716e-02
214   1.79862888025540540449e-02
215  -5.34218500743899454841e-02
216   1.19620763767016658266e-03
217  -2.37720539572380427581e-03
218   2.77048561174588273137e-02
219   2.43076036986519458671e-02
220  -1.65278544688621589764e-02
221  -1.46915708330995903319e-02
222   2.32408977399642738271e-02
223  -4.38925816956392475521e-02
224   4.64791093578588443425e-02
225  -4.70438867161649468263e-02
226   7.45480365087477225838e-02
227  -4.51888782657228274542e-02
228  -3.89889248456267703200e-03
229   2.01937723722752371369e-02
230  -5.43825344190860537896e-02
231   5.38099351161191660764e-02
232   2.20206466002700503026e-02
233  -3.18002038475689724484e-02
234   2.23628368457345731712e-02
235  -1.42225758126731400416e-02
236   6.47794688471300624845e-05
237  -2.11040370718802265670e-02
238  -3.13591431534178269672e-03
239  -9.63697989216596344678e-04
240  -7.79780998545683001755e-03
241  -1.64611921350042052226e-02
242   2.23348113378066120971e-02
243  -7.98780087499467855716e-02
244   4.67708206549732052881e-02
245   5.30403924646355509620e-02
246  -6.23968790703005871112e-02
247   8.07401433034026644320e-02
248  -1.38371904989741861813e-01
249   4.75741225268157697653e-03
250   4.23215539437522270116e-02
251  -9.79310229528796219456e-03
252   1.25057991889730348717e-02
253   1.29793454669873575824e-01
254  -1.85074044329093467809e-01
255   2.45479810354156224861e-01
256  -6.03454638469602816508e-02
