1.000000e+00
7.449764e+01
4.160902e-01
1.738954e-01
1.174326e-01
9.179589e-02
7.446921e-02
6.067389e-02
4.920398e-02
3.967486e-02
3.184363e-02
2.547435e-02
2.033414e-02
1.620780e-02
1.290689e-02
1.027222e-02
8.172337e-03
6.500203e-03
5.169445e-03
4.110752e-03
3.268690e-03
2.599026e-03
2.066512e-03
1.643082e-03
1.306402e-03
1.038705e-03
8.258595e-04
6.566277e-04
5.220736e-04
4.150916e-04
3.300319e-04
2.624024e-04
2.086314e-04
1.658790e-04
1.318874e-04
1.048612e-04
8.337324e-05
6.628853e-05
5.270479e-05
4.190461e-05
3.331759e-05
2.649020e-05
2.106187e-05
1.674591e-05
1.331437e-05
1.058601e-05
8.416740e-06
6.691995e-06
5.320682e-06
4.230377e-06
3.363495e-06
2.674254e-06
2.126249e-06
1.690542e-06
1.344119e-06
1.068685e-06
8.496908e-07
6.755742e-07
5.371362e-07
4.270666e-07
3.395535e-07
2.699731e-07
2.146500e-07
1.706650e-07
1.356926e-07
1.078858e-07
8.577948e-08
6.820040e-08
5.422603e-08
4.311371e-08
3.427861e-08
2.725392e-08
2.166947e-08
1.722928e-08
1.369820e-08
1.089091e-08
8.659815e-09
